34
198 4
43277 85926 67461 72862 
13 2
27540 35977 
2 42
4967 31577 20417 33458 94531 25309 28336 81648 18725 14231 56751 40238 91892 46105 92753 80121 75008 61729 3694 15822 22850 37448 57618 990 94927 80013 29076 15378 47713 28678 9816 32282 21110 63065 7988 18731 20070 73076 94929 4797 64189 59076 
341 126
2310 19692 66431 29000 68165 4105 24792 43070 44119 89563 7337 20347 56784 58013 61447 12091 14836 35543 49397 91236 78504 84457 6067 19750 25010 7692 22436 49126 12710 85489 61071 67848 86710 22584 14780 30553 1748 53654 22573 46889 95907 75772 51085 74611 5364 60032 7179 92431 12380 90078 38255 71308 48060 72513 16991 98711 63895 44657 28734 48722 75715 28840 45193 51588 5833 87751 94158 10858 21654 43371 68469 5531 7386 19563 3639 17687 74441 86685 21145 61612 43382 31210 51393 37193 65594 34033 3737 23600 73279 67863 36129 23903 43737 20099 78848 48171 21734 23306 79023 8588 99303 63250 84051 84171 27539 21177 84023 25253 37249 47458 26655 78635 92745 80379 14633 9595 40966 44689 29940 53996 96614 45129 41301 65482 14686 28003 
233 75
12612 72800 88769 98639 47390 88461 56514 28283 25262 95770 84370 60486 71385 15738 6489 63762 69606 83721 14044 53928 7574 17990 26943 13953 48126 73002 49723 16149 83716 96984 28073 44501 20353 52542 72359 26491 41182 1602 10642 34989 82027 77384 94158 58864 22883 67783 48463 72822 39377 67116 76529 61684 54594 38056 24361 50994 18886 82651 49919 19845 18159 6552 45297 29566 84936 89884 61363 68014 58815 62034 23855 75648 80620 95929 65203 
221 21
2939 63931 18439 4511 58210 8930 59295 9653 71305 44632 7527 69314 68448 95958 55582 30788 66391 96568 62039 47015 42072 
175 56
77811 96370 95536 43305 20404 8845 10659 58687 19595 76551 27270 15915 38096 39666 932 57222 33869 34766 43057 93814 96635 11709 86176 79573 431 41828 92362 65549 16923 38241 43727 57357 72949 10004 66255 15706 20570 51905 42231 11212 12889 49955 19425 88585 86775 18577 28876 95323 63789 49541 11468 11960 80449 56136 73945 30984 
49 30
13650 46198 75692 79600 85206 75200 5839 31203 51487 26840 89592 93232 65489 9618 41777 64456 4463 6779 98830 30959 73953 48584 89403 57247 50481 27227 76864 27350 31512 89548 
70 7
46955 59038 39147 69450 12609 64693 51218 
766 220
20730 41945 13423 91152 30359 82842 12525 59852 16647 5817 36565 13161 10455 99534 94891 29296 13275 47594 82935 76055 77959 43542 72437 55938 42794 80174 77010 85942 67884 39452 41210 2351 91210 68029 97422 71879 80999 32877 79512 48697 49625 93740 3927 26969 41987 27604 9565 47890 1328 39323 49738 51723 16532 28107 83482 94727 27297 67173 87947 88523 30976 31124 32596 92112 86128 42392 45623 1451 74392 24788 77291 88128 79661 27031 61699 82714 27496 11504 17996 4500 79972 44140 35111 96228 112 2043 61054 79952 49083 66494 98970 67325 38391 56756 86819 7518 99848 43813 8546 13442 42517 81828 38663 11403 97029 95125 79310 45221 13700 16429 55102 33588 74290 99662 49751 79581 64731 49593 38707 13516 80068 12929 88799 77390 97777 97704 18024 63549 24278 56880 79392 54917 13053 75811 66293 29791 31126 78242 52328 63679 85601 5669 81663 67582 64219 95298 73890 6543 99473 87919 86303 54559 55886 1386 63677 93067 20685 29885 5684 17645 69004 16015 50382 86167 44060 66467 87394 81631 77966 47250 13631 41821 92093 39354 64463 11519 99082 90301 81673 11485 66777 62725 6262 41547 62321 17954 5005 25748 89028 61680 64562 54965 51895 53023 81106 86502 99138 412 73631 13909 44778 60519 42817 84390 58670 2949 32477 73137 40992 85118 43852 91985 67043 80897 54843 35551 66599 68741 55518 73399 
595 87
11463 77955 47506 47594 53332 87934 27390 79080 54532 71031 12024 77214 76429 67847 6037 4097 20137 38177 14680 83310 95259 43921 21732 53101 66043 23656 15117 30988 33576 67658 76269 30121 87655 14381 27858 81981 19437 4061 78573 31969 83454 31554 79101 74538 48493 70489 27503 14502 56201 87682 20054 93378 76528 20235 15449 71947 41229 41320 75796 45935 56164 53774 88482 83624 31613 33320 25378 93688 65518 45036 12966 52270 81941 28662 971 46209 37648 31462 64831 35513 12009 69553 82947 17275 28288 58946 27870 
566 270
67314 85408 12157 47370 55955 93222 31871 42859 4269 86104 79350 88139 74083 64084 33170 84881 75113 46658 13058 70364 52612 89540 93751 57091 31570 62017 45976 13036 24020 89339 10914 79072 55920 83262 88308 44570 32469 21166 51309 87115 45995 37223 44497 53186 52344 23102 30456 71595 78842 29173 23414 79347 64462 65214 79723 43804 81209 11568 14459 73131 68212 80431 27138 32918 10795 2562 61947 78644 67466 67835 34835 38700 49591 60690 83077 68134 35619 70821 21511 44515 77085 55272 30784 85576 41275 26796 19485 4776 53576 92224 32884 43912 14401 49209 83153 26692 79809 76704 7865 93532 84436 17664 12567 36530 43760 57183 12161 17162 61347 28807 80915 89359 61622 15174 41416 99075 86903 10859 89054 2696 17155 45383 23438 72086 81981 93334 7294 53615 89461 38833 82565 10252 26337 38845 13588 55965 98228 6814 6201 82463 18260 97495 17678 25196 50364 86373 29537 75134 4596 38343 58 62033 76846 48137 59085 17797 36108 94733 5854 49086 53685 97940 84832 74904 52544 12082 52841 65566 94034 71953 39586 55025 90698 67933 76602 24002 99039 40963 42756 59066 41392 14435 70584 39313 90315 74061 31833 98614 83768 39523 79702 80697 38264 16914 58922 94815 62935 68975 79782 14134 37734 51660 32065 74626 25775 89095 78805 17376 4985 70079 54256 967 54034 11029 83308 75390 24154 34779 71949 14613 85866 66836 16165 94965 71764 10603 17968 8829 64831 56063 86163 86022 71632 14046 34962 16318 58455 87725 33046 48711 3721 34484 912 75673 23224 13716 81532 89825 92906 64974 71482 1450 14515 67760 91797 70501 13037 35763 1340 91343 37463 80289 31234 62445 63239 904 53337 48112 8392 60113 
316 226
75062 34616 47273 77505 56212 7426 96874 87306 27590 71260 48810 32542 8676 72022 31953 41167 1988 81348 94497 98893 60397 2137 96728 33556 94807 3179 84755 43744 77214 48088 25309 49335 66694 77059 85097 45887 65990 26928 20489 14244 83034 74530 71317 28111 83915 3889 45114 32457 96259 75078 1591 91318 89386 11097 88947 40476 37633 1333 44132 54607 73761 62644 70737 13679 66571 49042 2659 55032 79996 20740 26226 77078 4095 61631 11253 18495 55697 94774 86660 2640 57317 95325 79323 54039 9794 16725 33313 81105 58413 21621 52935 52354 72445 74885 32462 38922 7152 32506 88578 32913 81878 76449 20767 40043 1910 36348 52101 53297 50445 38193 89781 79359 56351 54001 27335 43944 18096 28442 29640 55024 76573 37133 8446 50413 52317 80375 87682 59102 77494 86685 6539 41902 61658 38150 10299 69617 23895 94703 84170 70723 39973 56828 3612 73265 92513 72918 11938 84200 76779 93231 37184 66072 68985 1853 71013 93756 21251 41591 47637 40782 19578 21900 15368 12678 49629 13219 47767 9030 28034 38603 76044 51018 71680 93847 98292 68083 80578 12078 94063 45738 48626 42129 77926 74448 90317 24752 56026 30606 91004 59112 99688 26255 44721 65175 7726 34360 87109 29628 9600 13769 17371 5903 19065 16497 4066 55689 11698 46041 64358 88757 48515 64904 20218 26310 55014 47075 71985 11376 68092 51259 65157 89330 45424 92734 19235 55874 
31 264
84387 42871 48614 32206 72377 49970 9712 54174 8279 17689 77231 45106 68293 96263 43896 76474 67827 43305 96574 27096 40671 62738 7206 4564 32030 59371 28842 76002 23038 95392 4283 51582 88695 41167 97170 51788 45368 80747 67839 91671 39668 85263 54769 17427 54291 75142 16212 30112 64861 77412 68992 41733 3927 11319 91281 5465 13326 93273 20673 56782 50247 6993 2072 94723 38425 86083 53596 84882 18863 57146 39269 27642 65316 99194 9258 5115 49591 92450 15462 66966 98548 52436 13125 25149 5300 90333 3073 667 74420 35723 24234 14938 77824 37846 11884 64744 32304 67412 64281 14176 29152 9338 57844 53494 60629 20213 13387 66236 70837 83268 95144 71698 83916 64162 19875 76962 35468 49181 1673 29740 90116 70468 4848 57461 73230 62714 98364 30174 97151 41605 66133 74050 50976 89622 68764 64648 37859 7410 92055 840 81539 66865 12338 20378 98968 12968 46196 69703 70748 57379 98858 9916 98443 37972 55306 86881 61237 26400 23347 61432 81649 57437 18279 51736 76004 76059 24743 4819 66307 28585 61919 67201 36995 73290 4092 32645 16208 37725 24739 15108 29921 91629 60550 80432 97463 54494 63499 78880 78075 62218 75222 11716 99349 60450 79949 12027 20828 63357 44810 16785 94972 12457 59084 35343 44094 30081 34411 80979 12832 6819 2993 30970 75624 45720 22459 96981 1973 23144 61564 19061 15387 14929 98359 36745 45582 72543 69835 66834 33008 68559 23624 58127 16616 23245 33381 24381 61433 22150 12333 35186 36762 23736 3389 99912 14914 9216 88733 93158 78132 63397 55534 48871 66204 58445 96134 18008 98496 38881 88653 71139 79141 98493 93383 9291 
127 246
12011 92322 58891 38952 22991 8115 22452 15734 88894 87523 1486 76223 10801 75844 52734 65042 70845 88687 77252 8262 27299 95702 70843 53893 42979 26849 12500 50283 30680 85618 54368 17907 51537 83399 66782 7005 3497 43873 65551 61212 34845 51581 48532 56732 19383 75999 7247 77206 39400 92756 54010 35586 30505 18932 66867 4432 28055 76083 31870 96816 57924 999 73022 64714 15712 37223 57544 5853 56716 7470 81208 87604 31370 35053 69975 98936 51927 78903 55898 83815 36229 38606 95841 44642 74177 67596 88279 27832 17556 45116 84898 23480 63417 16414 19417 11109 7554 30723 32905 9610 60377 67311 66580 89376 80160 58028 92192 17163 29485 46364 42445 77608 20962 76862 24604 64761 40091 37601 45139 35850 89204 59103 77658 49845 52156 24293 968 40608 38339 18674 93290 93581 4381 85786 79519 55023 22911 13065 43457 35728 34384 15749 97433 80749 43617 39885 20600 73913 41181 48973 17625 2709 22402 30664 49961 27281 28970 81058 73617 32287 43204 83703 90194 53756 24766 97721 82714 51287 5110 32538 3628 25460 87087 38204 97167 9794 88423 21091 77641 33562 90450 27228 58281 44704 7798 29856 65398 48009 82253 35483 82125 7509 17823 4318 42100 82448 98645 34109 28167 74876 67137 64926 1226 3696 62904 41576 93166 36421 54702 44872 94961 337 98859 84786 97876 64783 98236 79666 5374 18475 94208 85308 17705 34938 82742 41949 89848 34037 52958 98589 1373 59384 16435 54267 20870 30480 85612 28222 10697 47819 25377 69669 93588 45340 17253 18450 
446 228
86761 50371 63509 54707 64935 94051 75844 88360 85814 63441 89002 17419 14102 50844 34464 16893 38954 97574 25943 87815 70641 4792 75956 59834 86261 3798 30332 16606 17404 75278 65760 50948 90892 90886 49528 25224 69379 22784 58894 30277 68444 23114 28867 57779 41555 24037 19547 22858 16010 44132 42685 68673 60158 39889 69194 15763 94775 5812 14790 27613 32695 85682 5046 20434 44929 28831 5905 44856 72651 5992 33049 78870 83007 46438 9051 13396 49149 77100 90806 95385 75931 18672 24362 59184 19509 52041 3550 61569 56528 42342 24754 68644 87020 83290 35979 3555 28840 45324 88783 99591 72020 50513 90136 33442 80200 87147 92284 69568 56557 41255 63571 54770 54228 17705 52022 43055 34622 95218 72855 19357 75235 82201 70915 62271 3372 14501 41430 74551 71834 7931 26306 74643 89623 42816 85721 5920 70399 45418 5029 68584 55052 19428 99357 24826 77033 27375 67441 19688 39310 35589 73782 19306 77659 95189 74545 42624 17548 46333 55662 70104 77878 75926 36177 54789 56809 33203 95473 76211 72913 20780 82791 94993 12900 21972 72108 82031 17966 58863 18606 39245 27372 13136 84508 81692 15728 44145 40072 63236 96298 85473 16811 44897 89003 6698 85641 9947 19279 79409 50892 36727 50509 74770 54760 18795 87136 33756 76683 25099 22875 70162 20030 69798 16237 80978 56986 20330 88068 55830 68268 57081 34963 82129 45937 24379 26045 599 85261 99716 
409 222
21891 76095 56212 31796 20668 77585 57217 81651 29017 81702 23417 76644 26615 97261 77138 89061 71675 2883 51444 78068 57837 44857 53489 14043 91208 97430 79484 59498 36917 94911 79479 4416 1774 37566 69464 32167 95446 86700 82649 429 70347 56032 7995 71220 67752 77904 61561 6958 61069 10958 14823 81533 50063 21152 69052 42760 11681 58197 22221 55948 68300 1095 63318 83802 72795 69238 95121 55574 57367 71038 55244 88829 79881 39598 56123 61656 17338 59640 14107 61189 52658 42773 14052 62941 24316 16131 1468 82423 74574 78715 26446 41360 36305 42743 13024 74465 32856 85908 92444 81744 41181 26107 41545 26441 4372 24545 25769 91062 39753 62334 50308 89275 67804 81176 73687 6710 81244 81784 16011 28504 8789 84978 64573 49121 34597 20044 74784 30535 46186 12477 54452 88837 71584 13684 10185 32474 48054 29740 47187 18778 65002 91079 93442 98740 40129 53958 22768 28384 61959 92558 34274 39991 36851 35582 99017 61932 43716 44931 91818 9791 19263 79839 12257 38807 2162 70989 43082 81585 15187 9930 72750 86559 28988 51964 9228 51050 6914 21187 97691 30239 78587 98713 13429 74988 41014 51334 49363 12588 19472 33430 32963 18381 99513 33532 88188 75408 88463 90997 2829 29695 39801 42046 81949 93088 77559 45676 64966 45372 2004 73984 87441 56547 30851 8572 69730 51178 47527 17062 24087 84829 3512 99931 
628 24
21435 195 2077 46407 36084 75296 41450 86412 7421 11306 39111 20111 61834 26672 28769 76074 62512 84904 24701 71292 98692 5476 90249 41304 
261 155
87609 98077 5755 30795 20704 7009 28216 52121 6465 79835 48795 50670 67465 65855 58788 81265 54624 25106 21170 40523 30350 67302 85235 65029 16904 47119 37337 27470 37726 11021 27058 46293 21104 93370 45792 55967 77947 75857 12291 33720 51973 63857 85635 93332 3470 34475 99915 32097 51189 41090 28362 63633 90555 94276 61199 35484 58281 98532 30844 45413 22381 50089 92238 95880 33689 64763 64860 50478 25707 56973 94871 67256 49395 96307 67659 2909 74520 69652 53316 25953 66610 19209 56597 75048 31430 7969 83390 29809 9981 85803 97670 20941 27032 8671 40493 99648 49399 41569 62428 13277 9616 37309 47557 70775 99550 62988 61501 925 92964 11153 97470 20840 13486 83145 13729 75036 97027 39256 62484 2239 16570 69954 75020 67675 65561 10838 20012 53655 34862 86577 64532 81037 31539 14826 18615 45098 76015 15938 79277 18924 6831 75079 34614 89219 14323 62702 68446 50885 5653 55288 82848 35446 32031 46720 59058 
470 180
97134 52941 4739 47552 76287 96922 40562 2952 66065 94991 68060 6059 20243 72165 97016 29888 39779 71403 73642 56610 34569 67820 24654 45501 66818 34015 19637 99033 1294 94531 49700 29923 27285 48393 44759 86355 29591 96733 40558 99797 76275 25638 71423 10958 99169 69477 79091 88992 71592 71089 84852 76388 82173 33644 43829 99692 34102 51742 49371 45890 53114 72981 46062 12208 18965 8972 40887 62538 70169 46392 3173 68845 72365 27838 35390 65258 61197 45637 73491 87378 23713 10103 44708 60510 70961 86639 47314 86652 2771 50 97813 7944 66105 7711 81322 24114 5407 3151 97139 40972 64898 11719 80759 57318 17752 96202 44864 82703 39516 60192 52660 64339 90154 49150 29624 11218 86860 2902 33382 63685 71466 44639 20649 38391 93677 33774 14963 13620 58266 2396 11143 33447 15562 63672 86441 50898 61464 81370 96977 63356 90781 69519 10973 79942 72326 44547 21202 75447 42094 93021 27851 72843 78467 29679 82742 30532 26406 80104 34538 90384 10089 64823 62494 10697 4724 36420 78519 30178 85623 76238 99974 40699 42344 55707 21713 43179 10861 71399 93478 69899 
666 174
56274 87670 57976 23125 24518 39342 13755 59445 69491 60544 48396 37957 91115 41051 61691 23132 420 17798 10715 5817 23574 74317 49626 55176 52227 62423 26143 84378 56441 25733 59111 68343 52916 28978 92229 87545 81780 73969 23253 64087 99663 90858 27029 30108 97430 566 24655 4660 34856 22382 39064 40208 76481 32086 11952 91012 1988 95354 79500 33246 10894 47961 11365 15699 40485 84569 4836 88510 93417 55899 55747 82117 8056 57452 60957 53738 87288 95404 75472 29116 34244 14911 89634 31859 64405 30260 18089 81841 62654 93913 33194 1053 13990 46108 26395 19166 74319 53622 87469 61593 56261 34299 45254 35965 13519 28317 72718 30581 31756 99150 24068 60644 24436 36625 76713 68237 25611 49410 77489 69398 76551 61015 34102 91401 48750 99247 84849 95533 96324 79361 18885 29113 54500 58109 96111 5977 43246 15866 83721 52939 15959 83230 41489 87188 55476 64673 12201 20556 72044 53000 21572 77019 2000 61522 9266 61989 20799 81534 24674 29993 10263 89381 72230 28319 40285 65775 55181 71411 74017 73036 48753 33290 99193 66985 
865 164
9900 36263 10633 6753 46326 34925 4923 72680 23387 57526 7210 10177 26686 77576 5266 2233 91612 63613 47824 27800 70596 17685 78661 92735 43422 72348 35999 97845 85755 4270 3123 95358 89839 67620 61374 96752 41362 99422 49135 7764 78313 58949 54782 43596 53150 75026 66208 5858 44641 25846 78140 46839 11003 21719 70551 67934 67327 7571 9661 51861 93819 42914 96793 27361 64857 46040 20182 76394 69537 93815 39037 70769 34957 8984 26378 82887 45116 19177 98783 74398 75553 74573 61715 17041 27637 13386 97547 93294 7073 132 56751 13416 24526 91122 29247 27472 97413 19904 36253 80742 76606 96005 7722 1936 37831 50073 3684 86482 25313 93799 30912 74110 48618 93581 4477 36658 29548 63626 68093 37410 57611 32215 23930 62091 16079 68256 50300 93930 10270 22524 7401 40015 39165 23545 94431 98668 50160 84478 71948 39033 51753 93655 63160 91940 25745 92311 64612 46564 53534 84958 29276 41411 42700 27614 58433 38767 23953 18658 3739 16370 92327 88134 77549 85753 
41 73
43864 75426 28616 75919 84258 71224 10454 40320 59806 41375 94789 13394 79549 12024 88888 61726 31179 37692 51066 91967 5609 37883 26098 82736 22402 44651 39609 84262 39497 71999 48492 39125 24577 24937 26427 15308 98108 87832 65569 43088 20747 36198 4956 79633 30173 20760 44259 9648 25002 40361 57011 5620 69993 26549 64374 81140 81650 2840 89237 86281 89020 92034 49284 45707 32398 64491 95007 70242 7765 64792 35740 32974 71858 
434 144
39404 20221 552 56980 33939 23967 30964 39860 45491 65036 14221 41327 81509 23843 38702 73352 93946 73217 73545 9070 7937 49576 96466 82090 57593 94308 70021 9530 58706 60088 17685 15006 90380 94991 95269 53170 35969 9513 74085 45942 81626 75619 62042 550 83537 77485 59356 81458 69856 2325 59437 87540 40416 88426 95683 21137 29484 21773 37164 1851 42016 93810 87009 36875 17159 19901 84843 64738 30437 4659 28695 54879 1225 34237 79709 13036 98732 57190 73384 71552 45369 29991 29345 24467 16681 1821 60565 73286 88032 87651 78071 85263 38594 53370 39863 57572 10632 67810 63982 72215 3661 61512 97733 17927 94948 29307 75313 17424 46078 49313 41287 43814 69785 41509 20635 64553 83076 2188 26600 23168 97758 60717 12648 23676 75372 86697 252 11988 32778 27999 32239 28030 78746 45441 96345 83929 79810 74675 45962 42269 23029 17325 3687 49443 
284 130
32108 44325 9712 592 54892 38866 67585 27024 58208 50385 28920 92924 15493 18556 96165 26317 12677 14036 54480 45298 28051 66120 41274 95405 42988 67930 13925 21967 63448 95842 6444 6279 10246 51029 93085 74854 69541 68963 53628 17526 68857 67713 95515 96527 20242 80805 89002 52577 57404 70380 84547 62221 60625 99738 73709 56522 38402 4179 27248 86505 7671 16359 8037 20239 62225 29536 17933 35109 48715 71552 44936 99038 51801 11687 96584 82086 29323 39306 78728 2989 18248 54769 33691 63982 57178 12371 98035 41757 70478 56605 75142 6583 29414 1208 61412 34571 79415 10111 49184 99307 17974 95041 81293 89660 33811 22717 69429 72250 252 71879 29595 94621 50505 30756 53310 19470 49601 72491 17879 71454 17998 80011 34238 69605 27969 8297 46768 47722 82095 50551 
353 122
9385 9712 87544 35388 47642 55259 73949 69096 1668 59564 35150 65371 56098 98164 64084 23293 20903 83160 71675 10821 89340 41307 90399 90834 85812 58926 25781 22674 3183 6829 88756 1964 12473 86188 75712 20889 92492 78901 62519 65541 33384 96767 51765 68276 78263 53865 35282 50290 48691 54338 7207 12823 27831 56449 55745 13205 78351 26162 18717 88385 18128 23312 59118 91763 23433 51302 27065 11624 28961 17897 14890 70760 81041 58394 63095 87328 74819 10423 50668 23317 28986 57611 48598 25970 88292 85571 55131 77307 55320 62335 41295 19633 54648 88021 75136 87548 13668 28248 13001 9672 32135 79249 17013 87713 68701 74303 7467 51064 29519 95951 77300 35599 10986 42525 27752 82217 69709 91003 7416 57262 90831 52503 
742 102
3116 48188 20943 9003 14230 4068 24869 94081 96573 40648 26164 61710 23898 4269 87738 60088 50646 52810 40419 85305 17694 27435 45802 18857 57144 1982 48908 92490 10038 40878 55471 5460 70164 84154 24193 64816 87474 46448 33177 35373 35058 71754 64427 72022 39425 14029 32071 30526 267 63864 12890 60754 75954 45992 29074 77892 39794 17181 40721 74169 94525 42430 54208 20367 37008 3481 85547 14317 4462 72141 6583 64405 10302 40900 34846 27191 58551 57535 70680 91649 81417 90869 7138 69477 72491 30910 69975 26548 18293 76132 23785 37093 64580 57566 44217 86972 30200 57311 8188 47576 22725 22227 
996 96
45546 64635 31676 45258 7703 76443 13755 53602 45724 8456 50817 23071 97963 91730 71149 94633 19295 19491 62556 49761 16102 83202 5280 7589 5487 90722 6112 78192 45774 94278 33988 21047 42530 47138 8262 58148 21200 59896 29213 93102 66033 51200 58250 51812 18402 68897 22326 69664 97915 49959 41670 29552 27010 78346 61805 42085 34859 76858 92464 15127 40798 43542 54757 7394 93733 99730 18103 35829 49710 93884 52135 19314 29674 77094 48102 98002 84598 81478 93005 10632 91819 49977 22653 72655 99120 4390 89714 71491 65885 25093 47293 52556 59541 82332 69546 35794 
861 84
94656 56830 12999 77091 69364 92297 15899 49027 85255 11633 54045 99874 29901 37454 43124 33467 44333 68001 20136 22347 63122 68598 50646 31725 58693 4965 20104 17641 37599 69541 53983 14253 26954 49401 82835 3939 81346 3762 76856 42844 65172 26037 24948 88990 86888 63935 20530 22282 907 37902 40209 17404 78449 26138 9267 30006 99114 32110 46104 9160 55898 29512 51887 70769 22625 36625 61597 25710 69606 53167 46552 80329 97088 80991 18772 47484 5336 93376 49558 67537 56127 45669 61630 83899 
677 70
31676 37784 30964 43547 46909 4786 67622 19912 30834 92843 18872 78606 19767 43696 50730 40669 49873 26736 60754 29006 59496 53269 22413 36753 72557 91281 70890 42726 96324 42972 4137 75311 98783 84933 64368 56479 63708 46242 81177 82141 34742 88322 54081 86755 24586 75676 82073 45691 59512 32856 41181 19112 55349 19996 32830 85090 59843 10507 55088 69231 55889 78720 42969 71455 5958 49209 44008 51217 64981 96889 
226 56
48755 24021 27785 9292 58065 49481 37544 55842 91574 62630 58547 4391 43545 97906 86535 39722 11019 27203 90572 42354 67936 74862 11858 15836 7979 29345 39634 12094 88032 57287 63972 32130 25876 77532 35011 54093 64017 56744 61053 63007 62352 49258 10558 25718 12262 3894 91691 72973 10738 18259 71592 10376 10843 79371 20396 5016 
697 38
31754 67987 23766 52013 65440 64356 75021 18626 13533 93508 88415 21810 49135 8766 42050 72158 46802 90055 29349 84816 10803 83273 86172 95688 98049 91933 5553 25287 70890 23666 77489 87835 20551 86536 86347 19964 72428 13493 
402 24
12788 41841 85842 45546 91675 39629 98420 3441 45277 75368 46139 13703 55684 34659 37208 59252 74405 4947 37514 80533 1782 77125 77021 32632 
374 10
39304 8608 79703 56833 12382 65442 42390 49386 12308 50194 
