5
223 61
67209 92901 49346 28648 32809 85981 5987 98643 96932 24310 86214 22982 56989 23058 52918 41447 87943 92496 56546 59797 25092 86715 99251 64519 47179 20192 70624 49586 97637 77833 1390 72450 13879 88062 55484 94253 74867 36742 74938 25097 96033 94087 78758 25424 445 14053 26994 99347 33398 79362 16730 29876 18795 92175 99348 2454 70160 65536 96712 12634 38055 
650 29
9944 96898 59105 75047 24590 16420 48745 8152 72507 43010 49095 71604 30786 88316 1729 64502 41045 91462 11178 29543 51037 46214 79376 59634 77406 46863 16385 39987 50012 
378 25
79326 90973 66712 77459 38015 15760 93096 23450 93377 50112 58886 1265 85576 60066 13149 34300 37378 36086 32407 20804 65402 36626 18596 60142 16480 
338 29
88741 82311 65808 49347 12127 59522 52806 36820 9328 87838 86357 69817 31981 83655 5556 94396 7405 68705 44302 78649 96656 30801 93267 32687 11151 78403 77945 61366 22388 
153 70
81942 67420 73605 42747 69325 2795 23461 23789 17428 83074 72042 31296 43976 29110 35907 61998 45422 92772 95680 69907 69612 71010 68936 16810 63471 21348 58936 74538 97293 85557 24082 65000 50155 12326 98906 37037 63567 82025 99514 83165 60313 31833 50731 54575 8019 65173 94005 89653 87795 87884 64357 42672 38997 82909 25204 67895 85924 92921 4687 88664 55867 55539 95434 25536 2813 60065 28870 30433 60192 17916 
